4
15
14
18
9
11
6
10
11
13
11
11
13
14
20
18
17
6
11
8
12
14
11
13
11
13
13
17
17
22
29
28
36
47
31
54
27
34
24
25
24
17
26
19
14
30
15
17
19
13
23
4
4
6
16
8
10
8
3
3
8
8
14
7
7
9
9
4
3
7
9
14
6
6
9
8
14
14
15
24
16
17
27
39
33
51
62
65
61
56
52
20
32
22
28
20
22
26
11
11
13
14
10
4
8
8
9
7
7
10
11
7
10
10
13
6
11
10
3
6
14
11
16
10
7
16
6
10
4
15
16
13
14
16
18
23
29
36
37
46
42
55
41
42
26
36
36
27
26
42
30
26
28
27
19
17
2
6
17
23
10
16
30
15
16
12
6
20
17
13
21
12
17
20
14
14
19
18
19
11
25
27
28
27
25
31
36
44
58
58
54
78
72
50
34
45
28
55
29
48
26
44
41
34
28
18
19
12
4
11
13
12
13
20
20
8
8
10
19
15
15
16
24
16
10
15
15
16
25
16
14
10
14
27
26
23
36
32
38
37
58
66
53
53
46
40
43
47
21
34
36
43
33
29
34
17
26
17
18
10
2
6
18
14
18
22
12
16
11
20
12
15
15
13
5
12
19
20
13
25
17
17
14
27
32
42
38
46
38
39
36
57
29
35
52
71
43
53
46
43
43
51
70
50
43
47
28
35
40
37
15
23
6
9
19
10
17
15
7
14
15
6
14
10
13
16
10
13
28
18
9
8
6
9
10
14
10
14
16
11
10
19
24
27
17
40
36
43
35
40
31
31
22
27
42
37
44
39
40
30
27
26
23
14
7
